189 231
189 231
193 231
201 245
202 249
202 249
202 249
201 249
201 249
200 249
209 247
208 246
207 246
190 248
189 248
183 248
179 248
181 248
182 248
189 248
189 248
209 247
208 246
207 246
190 248
189 248
183 248
179 248
181 248
182 248
189 248
189 248
208 246
190 253
197 256
240 253
237 228
237 225
237 224
237 225
237 225
237 225
190 253
197 256
240 253
237 228
237 225
237 224
237 225
237 225
237 225
190 253
197 256
240 253
237 228
237 225
237 224
237 225
237 225
237 225
189 231
193 231
202 249
202 249
202 249
199 244
200 244
217 248
226 252
225 252
226 252
226 252
226 252
226 252
226 252
202 238
202 238
202 238
202 239
201 235
208 204
208 201
208 201
208 201
208 201
208 201
208 201
208 201
208 201
208 201
200 233
200 234
200 235
200 235
200 234
200 233
198 240
198 240
198 240
202 231
171 275
168 271
168 308
168 308
202 231
208 238
193 236
185 237
196 238
208 238
196 236
188 237
198 238
199 244
200 244
217 248
226 252
225 252
226 252
226 252
226 252
226 252
226 252
190 239
188 240
201 239
202 229
200 233
200 233
201 231
201 229
201 229
201 239
197 226
199 223
216 239
216 239
216 239
216 239
189 231
189 231
193 231
250 271
251 268
251 268
251 268
251 268
251 268
251 268
251 268
251 268
251 268
251 268
251 268
251 268
251 268
251 268
197 260
197 260
201 224
201 224
201 224
201 224
201 224
201 224
204 224
204 224
204 224
204 224
204 224
204 224
204 224
204 224
204 224
204 224
204 224
208 224
207 224
207 224
207 224
209 224
211 224
210 225
208 225
211 224
216 224
209 225
206 225
201 232
188 235
197 257
198 263
193 264
193 264
194 251
198 226
209 257
212 260
212 260
205 249
203 247
202 213
201 210
201 210
199 209
190 206
197 258
198 250
198 250
198 250