204 238
203 238
209 238
238 249
247 249
247 249
247 249
247 249
247 249
249 249
249 250
250 250
252 251
221 250
217 249
217 249
217 250
217 251
217 251
217 251
217 251
249 250
250 250
252 251
221 250
217 249
217 249
217 250
217 251
217 251
217 251
217 251
250 250
217 256
222 258
273 256
282 246
281 246
281 246
281 246
281 246
281 246
217 256
222 258
273 256
282 246
281 246
281 246
281 246
281 246
281 246
217 256
222 258
273 256
282 246
281 246
281 246
281 246
281 246
281 246
204 238
209 238
247 249
247 249
247 249
230 247
232 247
263 252
279 256
278 256
280 257
280 258
280 257
280 256
280 256
225 240
225 240
225 240
225 241
224 237
215 233
215 234
215 235
215 235
215 235
215 234
215 234
215 234
215 234
215 234
221 238
221 239
221 241
221 241
221 240
221 238
204 247
204 247
204 247
204 240
178 310
177 311
177 315
177 315
204 240
238 239
240 238
240 239
240 241
238 239
240 238
240 239
240 241
230 247
232 247
263 252
279 256
278 256
280 257
280 258
280 257
280 256
280 256
204 252
202 253
222 244
223 235
222 235
222 234
223 234
222 233
222 233
222 244
204 229
209 226
219 240
219 240
219 241
219 242
204 238
203 238
209 238
309 270
310 269
310 269
310 269
310 269
310 269
310 269
310 269
310 269
310 269
310 269
310 269
310 269
310 269
310 269
218 262
218 262
209 235
209 235
209 235
209 235
209 235
209 235
212 234
212 234
212 234
212 234
212 234
212 234
212 234
212 234
212 234
212 234
212 234
215 234
215 234
215 233
215 234
217 234
216 234
216 236
216 235
216 235
217 234
217 236
217 235
212 242
210 245
242 258
228 264
209 263
208 262
223 252
238 248
266 264
258 263
258 263
231 248
229 249
223 244
217 240
218 240
219 241
214 238
264 276
266 277
266 277
266 277