195 158
195 158
195 158
195 158
197 158
200 158
199 158
190 158
195 158
198 158
194 158
190 158
180 158
190 158
198 158
195 158
193 158
197 158
200 158
200 158
200 158
200 158
200 158
179 158
167 158
185 158
200 158
199 158
189 158
192 158
194 158
196 158
158 158
86 158
56 158
79 158
164 158
184 158
0 0
200 158
184 158
190 158
199 158
196 158
195 158
194 158
195 158
188 158
178 158
166 158
167 158
160 158
158 158
173 158
171 158
169 158
169 158