199 268
199 268
200 268
205 276
208 279
208 279
208 279
208 279
208 279
208 279
214 276
213 276
212 277
206 281
201 282
201 282
201 282
201 282
201 282
201 282
201 282
214 276
213 276
212 277
206 281
201 282
201 282
201 282
201 282
201 282
201 282
201 282
213 276
201 284
201 286
242 281
244 276
244 276
244 276
244 276
244 276
244 276
201 284
201 286
242 281
244 276
244 276
244 276
244 276
244 276
244 276
201 284
201 286
242 281
244 276
244 276
244 276
244 276
244 276
244 276
199 268
200 268
208 279
208 279
208 279
205 278
206 278
224 282
233 280
232 280
233 280
233 280
233 280
233 280
233 280
208 271
208 271
208 271
208 271
209 269
217 262
217 262
217 262
217 262
217 262
217 262
217 262
217 262
217 262
217 262
207 269
207 270
207 271
207 271
207 270
207 269
208 274
208 274
208 274
210 269
205 294
206 295
206 308
206 308
210 269
225 268
200 266
195 267
206 268
220 269
203 266
198 267
208 268
205 278
206 278
224 282
233 280
232 280
233 280
233 280
233 280
233 280
233 280
193 278
191 279
208 273
221 265
209 262
209 262
221 265
222 265
222 265
208 273
207 258
212 256
217 267
217 267
217 267
217 267
199 268
199 268
200 268
259 289
260 289
260 289
260 289
260 289
260 289
260 289
260 289
260 289
260 289
260 289
260 289
260 289
260 289
260 289
206 292
206 292
211 262
211 262
211 262
211 262
211 262
211 262
215 262
215 262
215 262
215 262
215 262
215 262
215 262
215 262
215 262
215 262
215 262
217 262
217 262
217 262
217 262
214 262
225 262
224 263
224 263
225 262
222 262
211 263
211 263
207 272
205 275
205 279
205 286
194 290
193 290
201 283
203 278
214 288
219 289
219 289
210 276
209 277
207 273
206 270
206 270
205 273
201 269
202 297
203 297
203 297
203 297