500 0
500 0
500 0
244 240
500 0
500 0
500 0
500 0
500 0
500 0
500 0
500 0
287 255
165 265
144 252
138 252
140 252
140 252
140 252
140 252
140 252
500 0
500 0
287 255
165 265
144 252
138 252
140 252
140 252
140 252
140 252
142 252
500 0
144 260
152 268
281 272
312 212
305 201
305 200
305 200
305 200
305 200
144 260
152 268
281 272
312 212
305 201
305 200
305 200
305 200
305 200
144 260
152 268
281 272
312 212
305 201
305 200
305 200
305 200
305 200
500 0
500 0
500 0
500 0
500 0
203 265
205 265
236 269
230 265
229 265
330 265
330 265
330 365
330 265
330 265
208 262
208 262
208 262
208 263
207 259
213 281
213 281
213 281
213 281
213 281
213 281
213 281
213 281
213 281
213 281
205 271
205 272
205 273
205 274
205 273
205 272
207 283
207 283
207 283
211 282
214 294
219 292
218 326
218 326
211 282
165 272
168 271
168 272
166 272
165 272
167 269
167 270
166 272
203 265
205 265
236 269
330 265
329 265
330 265
330 265
330 265
330 265
330 265
228 227
224 228
206 277
207 267
206 254
206 254
207 250
207 243
207 243
206 277
202 253
198 247
244 196
244 281
244 281
244 281
500 0
500 0
500 0
500 0
500 0
500 0
500 0
500 0
500 0
500 0
500 0
500 0
500 0
500 0
500 0
500 0
500 0
500 0
202 293
202 293
204 281
204 281
200 275
204 281
204 281
204 281
207 282
207 282
207 282
207 282
207 282
207 282
207 282
207 282
207 282
207 282
207 282
213 281
212 281
212 280
208 277
215 277
216 281
215 282
216 282
218 281
221 281
222 282
221 282
500 0
500 0
246 230
174 290
147 282
149 278
194 261
230 225
500 0
500 0
500 0
500 0
500 0
220 221
199 216
199 216
212 215
129 208
287 221
286 295
286 337
286 337