206 226
206 226
210 226
251 241
262 245
263 245
263 243
263 243
263 243
263 243
264 241
265 242
265 242
229 241
225 241
224 242
224 244
224 242
224 242
224 242
224 242
264 241
265 242
265 242
229 241
225 241
224 242
224 244
224 242
224 242
224 242
224 242
265 242
226 247
234 250
289 249
289 237
288 236
288 236
288 236
288 236
288 236
226 247
234 250
289 249
289 237
288 236
288 236
288 236
288 236
288 236
226 247
234 250
289 249
289 237
288 236
288 236
288 236
288 236
288 236
206 226
210 226
262 245
263 245
263 245
238 240
240 240
270 245
293 249
293 246
294 248
294 248
294 248
294 248
294 248
238 232
238 232
238 232
238 233
237 229
224 220
224 220
224 220
224 220
224 220
224 220
224 220
224 220
224 220
224 220
232 230
232 230
232 231
232 231
232 231
232 231
219 234
219 234
219 234
212 226
165 309
163 317
163 320
163 320
212 226
253 232
255 232
254 233
254 234
253 232
255 232
254 233
254 234
238 240
240 240
270 245
293 249
293 246
294 248
294 248
294 248
294 248
294 248
216 240
214 241
233 235
234 225
235 229
235 229
235 227
234 225
234 225
233 235
208 225
214 222
237 233
238 232
237 233
237 233
206 226
206 226
210 226
324 265
327 265
327 265
327 265
327 265
327 265
327 265
327 265
327 265
327 265
327 265
327 265
327 265
327 265
327 265
231 254
231 254
220 220
220 220
220 220
220 220
220 220
220 220
223 220
223 220
223 220
223 220
223 220
223 220
223 220
223 220
223 220
223 220
223 220
224 220
224 220
224 220
224 220
225 222
225 221
225 221
225 222
225 222
225 221
225 221
225 222
217 228
214 231
260 251
239 257
218 258
216 260
233 247
251 240
284 263
275 263
275 261
247 243
245 244
233 228
225 225
224 227
229 229
222 226
284 280
285 281
285 281
285 281