172 250
172 250
159 248
500 0
211 283
193 284
197 283
197 283
197 283
197 283
208 270
210 266
500 0
500 0
500 0
500 0
500 0
500 0
500 0
500 0
500 0
207 270
210 266
500 0
500 0
500 0
500 0
500 0
500 0
500 0
500 0
500 0
210 266
500 0
500 0
500 0
500 0
500 0
500 0
500 0
500 0
500 0
500 0
500 0
500 0
500 0
500 0
500 0
500 0
500 0
500 0
500 0
500 0
500 0
500 0
500 0
500 0
500 0
500 0
500 0
172 250
159 248
211 283
193 284
197 283
500 0
500 0
500 0
500 0
500 0
500 0
500 0
500 0
500 0
500 0
196 249
196 249
196 249
196 250
195 246
204 261
204 261
204 261
204 261
204 261
204 261
204 261
204 261
204 261
204 261
193 258
193 259
193 260
193 261
193 260
193 259
195 270
195 270
195 270
199 269
203 342
208 340
201 348
201 348
199 269
500 0
500 0
500 0
500 0
500 0
500 0
500 0
500 0
500 0
500 0
500 0
500 0
500 0
500 0
500 0
500 0
500 0
500 0
500 0
500 0
197 257
198 247
194 241
194 241
195 237
195 230
195 230
197 257
500 0
500 0
500 0
500 0
500 0
500 0
172 251
172 251
159 248
500 0
500 0
500 0
241 289
241 289
241 289
241 289
241 289
241 289
241 289
241 289
241 289
241 289
241 289
241 289
193 273
193 273
192 268
192 268
192 268
192 268
192 268
192 268
195 269
195 269
195 269
195 269
195 269
195 269
195 269
195 269
195 269
195 269
195 269
201 268
200 268
200 267
200 268
206 268
204 268
203 269
204 269
206 268
209 268
210 269
209 269
183 241
173 248
500 0
500 0
500 0
500 0
198 237
217 236
225 230
280 309
500 0
195 281
193 284
232 188
205 163
205 162
154 187
500 0
500 0
500 0
500 0
500 0