194 318
194 318
197 318
201 320
200 318
200 318
200 318
200 318
200 318
200 318
207 318
206 318
205 318
200 320
195 318
195 318
195 318
195 318
195 318
195 318
195 318
207 318
206 318
205 318
200 320
195 318
195 318
195 318
195 318
195 318
195 318
195 318
206 318
195 320
197 320
240 320
236 320
236 320
236 320
236 320
236 320
236 320
195 320
197 320
240 320
236 320
236 320
236 320
236 320
236 320
236 320
195 320
197 320
240 320
236 320
236 320
236 320
236 320
236 320
236 320
194 318
197 318
200 318
200 318
200 318
199 315
200 315
217 313
226 313
225 313
226 313
226 313
226 313
226 313
226 313
203 321
203 321
203 321
203 321
204 321
213 320
213 320
213 320
213 320
213 320
213 320
213 320
213 320
213 320
213 320
202 321
202 321
202 321
202 321
202 321
202 321
205 321
205 321
205 321
204 321
252 285
258 288
263 329
263 329
205 321
218 318
191 305
183 287
194 297
212 311
194 303
186 285
196 295
199 315
200 315
217 313
226 313
225 313
226 313
226 313
226 313
226 313
226 313
190 320
188 319
203 321
221 322
206 296
206 296
221 322
222 322
222 322
203 321
201 287
210 297
216 298
216 298
216 298
216 298
194 318
194 318
197 318
249 321
250 321
250 321
250 321
250 321
250 321
250 321
250 321
250 321
250 321
250 321
250 321
250 321
250 321
250 321
204 320
204 320
208 320
208 320
208 320
208 320
208 320
208 320
212 320
212 320
212 320
212 320
212 320
212 320
212 320
212 320
212 320
212 320
212 320
213 320
213 320
213 320
213 320
206 313
225 318
238 322
234 325
228 325
222 325
208 319
204 317
199 320
198 321
197 319
198 317
194 317
194 317
194 320
198 320
206 315
210 316
210 316
202 322
201 322
201 318
201 318
201 318
199 319
198 318
197 325
198 324
198 324
198 324